"","ntree","oa","oa_urb","oa_nat","f1_1","f1_2","f1_3","f1_4","f1_5","f1_6","f1_8","f1_10","f1_11","f1_12","f1_13","f1_14","f1_17"
"1",5,0.854889589905363,0.776119402985075,0.937130574959699,0.698706099815157,0.62037037037037,0.792899408284024,0.650698602794411,0.769230769230769,0.473684210526316,0.531645569620253,0.516129032258065,0.967177242888403,0.718562874251497,0.852618757612667,0.858054226475279,0.996457041629761
"2",15,0.897472241908812,0.834489135460009,0.963285024154589,0.77504105090312,0.721461187214612,0.829896907216495,0.71830985915493,0.857142857142857,0.579439252336449,0.624277456647399,0.702970297029703,0.972762645914397,0.847826086956522,0.921739130434783,0.890173410404624,0.99723429474516
"3",25,0.912396694214876,0.848890942698706,0.978754225012071,0.798690671031097,0.774193548387097,0.828644501278772,0.73491773308958,0.88,0.581196581196581,0.689265536723164,0.74757281553398,0.979166666666667,0.871508379888268,0.942307692307692,0.934876989869754,0.997236478484011
"4",35,0.919480519480519,0.857670979667283,0.984065668759054,0.79672131147541,0.735849056603774,0.864583333333333,0.759226713532513,0.896103896103896,0.643478260869565,0.674285714285714,0.693877551020408,0.981132075471698,0.90958904109589,0.958019375672766,0.949348769898698,0.998815633636005
"5",45,0.925147579693034,0.869685767097967,0.983099951714148,0.794612794612795,0.775330396475771,0.885416666666667,0.786596119929453,0.887417218543046,0.678260869565217,0.682080924855491,0.738317757009346,0.983692106979778,0.905149051490515,0.961123110151188,0.954876273653566,0.998418972332016
"6",55,0.921369539551358,0.862292051756007,0.983099951714148,0.792207792207792,0.778846153846154,0.873385012919897,0.768166089965398,0.888888888888889,0.648148148148148,0.694117647058824,0.751269035532995,0.981818181818182,0.897506925207756,0.956803455723542,0.938483547925608,0.997634069400631
"7",65,0.930342384887839,0.877079482439926,0.985997102848865,0.821963394342762,0.803738317757009,0.889473684210526,0.808219178082192,0.897959183673469,0.691588785046729,0.701149425287356,0.746268656716418,0.983028720626632,0.91304347826087,0.963519313304721,0.949640287769784,0.996449704142012
"8",75,0.927744982290437,0.871072088724584,0.986962819893771,0.817880794701987,0.767857142857143,0.865284974093264,0.802101576182137,0.917808219178082,0.690265486725664,0.719512195121951,0.753623188405797,0.981747066492829,0.888888888888889,0.958288770053476,0.960926193921852,0.99723865877712
"9",85,0.928689492325856,0.872458410351202,0.987445678416224,0.810457516339869,0.771428571428572,0.885416666666667,0.794425087108014,0.926174496644295,0.701754385964912,0.686390532544379,0.74,0.983072916666667,0.906593406593407,0.966486486486486,0.956896551724138,0.997240835632637
"10",95,0.925619834710744,0.864140480591497,0.989859971028489,0.801335559265443,0.741784037558685,0.881889763779528,0.797297297297297,0.91156462585034,0.690909090909091,0.63953488372093,0.692682926829268,0.983006535947712,0.911111111111111,0.974248927038627,0.958273381294964,0.996842936069455
"11",105,0.92987012987013,0.875231053604436,0.986962819893771,0.822147651006711,0.761467889908257,0.876923076923077,0.800687285223368,0.888888888888889,0.702702702702703,0.727272727272727,0.751219512195122,0.984375,0.907103825136612,0.96976241900648,0.951008645533141,0.997240835632637
"12",115,0.928453364817001,0.870609981515712,0.988894253983583,0.813333333333333,0.764150943396226,0.877922077922078,0.792452830188679,0.918918918918919,0.697247706422018,0.682634730538922,0.751219512195122,0.985639686684073,0.908587257617729,0.967811158798283,0.948571428571429,0.997634069400631
"13",125,0.927508854781582,0.870609981515712,0.986962819893771,0.799336650082919,0.769953051643192,0.885416666666667,0.800687285223368,0.897959183673469,0.701754385964912,0.686746987951807,0.741463414634146,0.983028720626632,0.907103825136612,0.967532467532467,0.954154727793696,0.996845425867508
"14",135,0.929634002361275,0.876155268022181,0.985514244326412,0.819078947368421,0.766355140186916,0.876640419947507,0.808362369337979,0.897959183673469,0.689075630252101,0.738095238095238,0.754901960784314,0.985016286644951,0.903581267217631,0.966702470461869,0.947976878612717,0.996842936069455
"15",145,0.92939787485242,0.871534195933457,0.989859971028489,0.818481848184818,0.796208530805687,0.860892388451444,0.800693240901213,0.917808219178082,0.678571428571428,0.686046511627907,0.741463414634146,0.983072916666667,0.911111111111111,0.976293103448276,0.951566951566951,0.996842936069455
"16",155,0.926800472255018,0.865064695009242,0.991308546595847,0.809135399673736,0.780952380952381,0.875,0.792387543252595,0.904109589041096,0.690265486725664,0.670807453416149,0.72463768115942,0.983692106979778,0.887005649717514,0.969957081545064,0.955903271692745,0.997634069400631
"17",165,0.929634002361275,0.874768946395564,0.986962819893771,0.820598006644518,0.7981220657277,0.867532467532467,0.775086505190312,0.91156462585034,0.696428571428572,0.732558139534884,0.763285024154589,0.981107491856677,0.926027397260274,0.967602591792657,0.959537572254335,0.996845425867508
"18",175,0.927744982290437,0.871072088724584,0.986962819893771,0.802631578947368,0.785046728971963,0.887728459530026,0.788927335640138,0.904109589041096,0.719298245614035,0.728323699421965,0.733668341708543,0.981723237597911,0.908587257617729,0.968850698174006,0.945402298850575,0.99723865877712
"19",185,0.92939787485242,0.873844731977819,0.987445678416224,0.821963394342762,0.762790697674419,0.867532467532467,0.790378006872852,0.896551724137931,0.714285714285714,0.745562130177515,0.74757281553398,0.983072916666667,0.914127423822715,0.970936490850377,0.952380952380952,0.996845425867508
"20",195,0.929161747343565,0.873382624768946,0.987445678416224,0.813953488372093,0.796208530805687,0.875,0.797274275979557,0.896551724137931,0.672727272727273,0.707317073170732,0.76555023923445,0.98371335504886,0.903581267217631,0.967672413793103,0.952654232424677,0.99723865877712
"21",205,0.930578512396694,0.873844731977819,0.989859971028489,0.813838550247117,0.80184331797235,0.875647668393782,0.789285714285714,0.91156462585034,0.741379310344828,0.705882352941177,0.74757281553398,0.983072916666667,0.911602209944751,0.970936490850377,0.95702005730659,0.997634069400631
"22",215,0.930106257378985,0.875231053604436,0.987445678416224,0.803305785123967,0.80188679245283,0.887139107611548,0.793867120954004,0.91156462585034,0.720720720720721,0.728323699421965,0.743718592964824,0.982410423452769,0.917127071823204,0.970810810810811,0.951289398280802,0.99723865877712
"23",225,0.932231404958678,0.878465804066543,0.98841139546113,0.823140495867769,0.820754716981132,0.885416666666667,0.797227036395147,0.891891891891892,0.714285714285714,0.705882352941177,0.736842105263158,0.98371335504886,0.915068493150685,0.974082073434125,0.959537572254335,0.99723865877712
"24",235,0.931050767414404,0.874768946395564,0.989859971028489,0.820598006644518,0.792626728110599,0.882506527415144,0.8,0.904109589041096,0.690909090909091,0.710059171597633,0.751219512195122,0.983072916666667,0.910614525139665,0.970873786407767,0.957142857142857,0.997240835632637
"25",245,0.930342384887839,0.875693160813309,0.987445678416224,0.823920265780731,0.796208530805687,0.869791666666667,0.800687285223368,0.904109589041096,0.701754385964912,0.705202312138728,0.768472906403941,0.98238747553816,0.906593406593407,0.969827586206896,0.951008645533141,0.997634069400631
"26",255,0.930578512396694,0.875693160813309,0.987928536938677,0.810543657331137,0.796208530805687,0.881443298969072,0.802768166089965,0.896551724137931,0.707964601769911,0.719512195121951,0.759615384615385,0.981747066492829,0.912087912087912,0.968716289104639,0.956896551724138,0.99723865877712
"27",265,0.930106257378985,0.873844731977819,0.988894253983583,0.819237147595357,0.807511737089202,0.865284974093264,0.791666666666667,0.904109589041096,0.727272727272727,0.702380952380952,0.742857142857143,0.98371335504886,0.911602209944751,0.969957081545064,0.956772334293948,0.99723865877712
"28",275,0.930342384887839,0.873844731977819,0.989377112506036,0.813333333333333,0.775700934579439,0.875647668393782,0.795180722891566,0.904109589041096,0.666666666666667,0.732558139534884,0.752475247524753,0.985658409387223,0.916666666666667,0.974137931034483,0.955523672883788,0.996845425867508
"29",285,0.931995277449823,0.877079482439926,0.989377112506036,0.821192052980132,0.809302325581395,0.87434554973822,0.805460750853242,0.91156462585034,0.722222222222222,0.72189349112426,0.742574257425743,0.981747066492829,0.914127423822715,0.972043010752688,0.956896551724138,0.996845425867508
"30",295,0.92987012987013,0.873844731977819,0.98841139546113,0.811258278145695,0.764976958525346,0.890625,0.798611111111111,0.918918918918919,0.717948717948718,0.690909090909091,0.751219512195122,0.979804560260586,0.917127071823204,0.972103004291845,0.956521739130435,0.99723865877712
"31",305,0.932703659976387,0.877079482439926,0.990825688073395,0.816666666666667,0.8,0.895833333333333,0.799313893653516,0.910344827586207,0.654545454545455,0.72189349112426,0.769230769230769,0.984334203655352,0.914127423822715,0.974193548387097,0.959885386819484,0.99723865877712
"32",315,0.931523022432113,0.875693160813309,0.989859971028489,0.81063122923588,0.787037037037037,0.884816753926702,0.796551724137931,0.91156462585034,0.730434782608696,0.710059171597633,0.74757281553398,0.984977139124755,0.917127071823204,0.973031283710895,0.961262553802009,0.996845425867508
"33",325,0.931050767414404,0.874306839186691,0.990342829550942,0.821603927986907,0.792452830188679,0.876640419947507,0.808290155440415,0.905405405405405,0.660714285714286,0.727272727272727,0.753623188405797,0.983028720626632,0.904494382022472,0.972103004291845,0.957142857142857,0.996449704142012
"34",335,0.931286894923259,0.876617375231054,0.98841139546113,0.81063122923588,0.807511737089202,0.883116883116883,0.796581196581197,0.904109589041096,0.684684684684685,0.730538922155689,0.763285024154589,0.983028720626632,0.915068493150685,0.968716289104639,0.959770114942529,0.997632202052092
"35",345,0.931995277449823,0.876617375231054,0.989859971028489,0.819397993311037,0.805555555555556,0.885416666666667,0.793103448275862,0.910344827586207,0.707964601769911,0.725146198830409,0.776699029126213,0.982410423452769,0.908077994428969,0.96989247311828,0.961262553802009,0.996845425867508
"36",355,0.931286894923259,0.874768946395564,0.990342829550942,0.813953488372093,0.788732394366197,0.882506527415144,0.804088586030664,0.910344827586207,0.690265486725664,0.718562874251497,0.745098039215686,0.984354628422425,0.908077994428969,0.974193548387097,0.95702005730659,0.99723865877712
"37",365,0.932939787485242,0.879390018484288,0.988894253983583,0.823920265780731,0.796296296296296,0.895833333333333,0.8,0.882758620689655,0.771929824561403,0.706586826347305,0.74757281553398,0.983734547820429,0.911602209944751,0.974137931034483,0.956772334293948,0.99723865877712
"38",375,0.933175914994097,0.878003696857671,0.990825688073395,0.827814569536424,0.8,0.877284595300261,0.809027777777778,0.910344827586207,0.700854700854701,0.734939759036145,0.74757281553398,0.983028720626632,0.916666666666667,0.973204715969989,0.958393113342898,0.996845425867508
"39",385,0.933884297520661,0.880314232902033,0.989859971028489,0.819397993311037,0.8,0.890625,0.795847750865052,0.925170068027211,0.730434782608696,0.739884393063584,0.764705882352941,0.984996738421396,0.919667590027701,0.972162740899358,0.959537572254335,0.996845425867508
"40",395,0.930342384887839,0.871996303142329,0.991308546595847,0.806020066889632,0.80184331797235,0.882506527415144,0.788927335640138,0.910344827586207,0.747826086956522,0.697674418604651,0.729064039408867,0.984977139124755,0.914127423822715,0.971061093247588,0.961262553802009,0.997240835632637
"41",405,0.933412042502952,0.877079482439926,0.992274263640753,0.815307820299501,0.788732394366197,0.883116883116883,0.802744425385935,0.902777777777778,0.738738738738739,0.729411764705882,0.758620689655172,0.983692106979778,0.919667590027701,0.97524219590958,0.964336661911555,0.996845425867508
"42",415,0.932231404958678,0.878465804066543,0.98841139546113,0.826086956521739,0.796296296296296,0.878552971576227,0.803448275862069,0.884353741496599,0.701754385964912,0.757396449704142,0.768472906403941,0.983692106979778,0.911111111111111,0.972043010752688,0.948424068767908,0.99723865877712
"43",425,0.932939787485242,0.878003696857671,0.990342829550942,0.82,0.790697674418605,0.883116883116883,0.797927461139896,0.91156462585034,0.720720720720721,0.738095238095238,0.769230769230769,0.985639686684073,0.906077348066298,0.970936490850377,0.959885386819484,0.997634069400631
"44",435,0.931995277449823,0.876617375231054,0.989859971028489,0.819237147595357,0.785046728971963,0.879581151832461,0.805507745266781,0.918918918918919,0.730434782608696,0.710843373493976,0.740384615384615,0.983692106979778,0.913649025069638,0.974137931034483,0.958393113342898,0.996845425867508
"45",445,0.92939787485242,0.871072088724584,0.990342829550942,0.809917355371901,0.783018867924528,0.879581151832461,0.787671232876712,0.904109589041096,0.696428571428572,0.72189349112426,0.76,0.983670803396473,0.906077348066298,0.973089343379978,0.952924393723252,0.997240835632637
"46",455,0.931050767414404,0.875231053604436,0.989377112506036,0.816806722689076,0.790697674418605,0.875,0.802744425385935,0.897959183673469,0.741379310344828,0.710059171597633,0.757281553398058,0.982410423452769,0.905555555555556,0.97198275862069,0.959770114942529,0.996845425867508
"47",465,0.931759149940968,0.876617375231054,0.989377112506036,0.815307820299501,0.785046728971963,0.890052356020942,0.795883361921098,0.910344827586207,0.714285714285714,0.75,0.75,0.982410423452769,0.914127423822715,0.973147153598282,0.955395683453237,0.99723865877712
"48",475,0.92987012987013,0.872920517560074,0.989377112506036,0.81063122923588,0.796296296296296,0.887728459530026,0.793814432989691,0.904109589041096,0.714285714285714,0.707317073170732,0.75,0.98238747553816,0.908077994428969,0.973089343379978,0.951428571428572,0.996845425867508
"49",485,0.932231404958678,0.876155268022181,0.990825688073395,0.820428336079077,0.788732394366197,0.890625,0.802768166089965,0.910344827586207,0.714285714285714,0.729411764705882,0.752475247524753,0.981747066492829,0.905555555555556,0.976344086021505,0.954154727793696,0.997240835632637
"50",495,0.930106257378985,0.873382624768946,0.989377112506036,0.817420435510888,0.794392523364486,0.869791666666667,0.782161234991424,0.904109589041096,0.695652173913043,0.733727810650888,0.772946859903382,0.98371335504886,0.908077994428969,0.972043010752688,0.956896551724138,0.99723865877712
